    #         X           Y           Z        CHARGE     ATOM    DISTANCE
  -------------------------------------------------------------------------
    1      9.7506      0.0947     25.7614     11.0061       1      0.0387
    2      0.6627      1.2307      1.3211     10.9720      14      0.0347
    3      9.6559      0.0947      3.1140     11.0257       3      0.0438
    4      8.8986      9.8452      6.2280      8.0255     130      0.0670
    5      0.6627      0.8520      9.8139      7.9966     104      0.0741
    6      8.1413     10.1292     13.7772      7.9782      96      0.0966
    7      9.4666      2.3666     14.3434      7.9980     114      0.1083
    8      0.8520      1.8933     16.5138      7.9949      67      0.1055
    9      0.4733      9.7506     17.9292      8.0037     132      0.0908
   10      1.1360      9.3719     20.6658      7.9992     126      0.1217
   11      0.5680      1.5147     21.7981      7.9790      76      0.0536
   12      0.7573      1.4200     23.9685     10.8211      13      0.0548
   13      0.9467      8.9932     24.2516     11.0454      41      0.0616
   14      0.8520      1.1360      6.2280      8.0794      69      0.0840
   15      0.9467      2.6506     11.9843      8.0152     108      0.0635
   16      9.9399      2.5560      3.1140     11.0665       8      0.0542
   17      8.1413      1.2307     20.5714      8.0086      72      0.0821
   18      9.6559      2.6506     25.9502     10.9794       6      0.0522
   19      9.0879      4.1653     18.5898      8.0201      92      0.0491
   20      2.1773      3.1240      8.3041      8.0202     100      0.0738
   21      0.6627      3.7866      1.4155     10.9579      12      0.0660
   22      9.8452      3.7866      6.2280      8.0592     131      0.1016
   23      0.5680      3.9760     24.0629     11.0572      10      0.0581
   24      9.4666      4.4493     11.0406      8.0107      80      0.0958
   25      9.3719      4.6386     21.3263      8.0895     133      0.0682
   26      9.1826      4.9226     15.0983      8.0038     110      0.0614
   27      1.0413      5.3959     17.2687      7.9920      71      0.0571
   28     10.0346      5.9639      7.7379      7.9911      95      0.0723
   29      9.7506      5.2066     25.9502     10.9995      32      0.0585
   30      9.4666      5.1120      3.1140     11.0737      34      0.0553
   31      8.7092      6.8159     11.9843      8.0106      89      0.0605
   32      0.7573      6.4373      1.3211     10.9926      46      0.0525
   33      0.5680      6.4373     24.0629     11.0604      44      0.0482
   34      1.7040      6.9106      6.0393      8.0562     120      0.0615
   35      9.5612      7.2893     20.8545      8.0255      87      0.0915
   36      9.9399      7.8573     10.0970      8.0031     107      0.0683
   37      9.5612      7.7626     14.2490      8.0138      98      0.0697
   38      9.6559      7.5733      3.2084     10.9660      39      0.0412
   39      9.7506      7.6679     16.8912      7.9881     125      0.0708
   40      9.6559      7.7626     25.8558     10.9935      37      0.0688
   41      0.7573      9.0879      1.3211     11.0160      43      0.0631
   42      8.4253      9.9399      9.2477      7.9986      97      0.0841
   43      1.7986      8.5199     13.5885      7.9943      74      0.0694
   44      2.0826      8.8039     11.0406      7.9655      85      0.0497
   45      1.6093      5.0173      3.2084     11.0908      38      0.0472
   46      2.4613      0.0947     15.3814      8.0023     124      0.0965
   47      2.0826      7.6679      3.1140     11.0482      35      0.0585
   48      2.4613      9.1826      6.8886      7.9875     128      0.0707
   49      2.2720      2.8400     20.5714      7.9947     105      0.0881
   50      1.8933     10.1292      3.2084     11.0098       7      0.0501
   51      3.0293      2.9346     17.8348      7.9948      94      0.0643
   52      2.0826      2.4613      3.1140     11.0884       4      0.0273
   53      1.9880      2.5560     25.8558     10.9540       2      0.0567
   54      1.9880      0.0000     25.8558     10.9961       5      0.0597
   55      1.8933      5.0173     25.9502     10.9920      36      0.0467
   56      2.0826      7.7626     25.9502     10.9604      33      0.0442
   57      3.0293      5.5853     21.2320      8.0207      91      0.0396
   58      3.3133      6.4373     18.4954      8.0168     121      0.0551
   59      3.2186      3.2186     12.9279      8.0226      88      0.0641
   60      3.5026      6.6266     14.6265      8.0235     127      0.0241
   61      3.6920      4.1653     15.4757      8.0280      90      0.0611
   62      3.4080      8.8039     21.8925      8.0056      86      0.0853
   63      3.8813      8.1413      8.8702      8.0092      99      0.1160
   64      3.3133      3.6920     23.7798     11.0526      63      0.0362
   65      3.8813      8.4253     16.7025      7.9995      81      0.0921
   66      3.3133      8.8986     24.1573     10.8310      45      0.0266
   67      3.6920      2.9346      5.9450      8.0552     113      0.0677
   68      3.1240      3.8813      1.3211     10.9945      15      0.0623
   69      3.2186      6.5319     24.1573     11.0282      40      0.0605
   70      4.4493      5.3013      9.1533      7.9878      82      0.0726
   71      3.3133      1.1360     24.2516     11.0029       9      0.0561
   72      3.4080      1.3253      1.1324     10.9767      11      0.0284
   73      3.2186      6.2479      1.2267     10.9665      42      0.0346
   74      3.2186      8.8986      1.4155     10.9563      47      0.0611
   75      4.3546      0.1893      5.3788      8.0063      68      0.1197
   76      4.7333      1.0413     14.0603      8.0070      84      0.0768
   77      5.1120      4.5440     11.7012      8.0089     129      0.0649
   78      4.5440      1.3253     21.2320      8.0812     134      0.0400
   79      5.1120      1.1360     18.3067      8.0061     103      0.0440
   80      4.4493      0.0000      3.1140     10.8269      18      0.0546
   81      4.4493      5.1120      3.2084     11.1696      64      0.0406
   82      5.7746      8.7092     19.6278      7.9734     111      0.1013
   83      5.1120      2.3666      9.2477      7.9710     115      0.0976
   84      4.5440      7.6679      2.9253     11.0709      54      0.0506
   85      4.6386      2.5560      3.0197     11.0234      23      0.0434
   86      4.5440      5.0173     25.8558     11.0022      48      0.0163
   87      5.5853      5.1120      6.7942      8.0200     116      0.0918
   88      5.8693     10.1292     10.0026      8.0088     119      0.0807
   89      4.6386      2.4613     25.9502     10.9301      21      0.0716
   90      4.5440      7.5733     25.8558     10.9689      52      0.0460
   91      5.6799      6.8159     13.2110      7.9941     122      0.1121
   92      4.6386      9.9399     25.9502     10.9543      16      0.0237
   93      5.9639      9.5612     12.6448      7.9784      93      0.0552
   94      5.8693      8.0466      6.6055      8.0187      65      0.0425
   95      5.5853      6.7213     21.8925      7.9718     101      0.0663
   96      6.0586      4.8280     18.0236      7.9950      77      0.0701
   97      5.8693      6.3426     24.0629     10.8368      59      0.0418
   98      6.8159      0.9467      6.8886      7.9997     123      0.0872
   99      5.8693      1.1360     24.1573     11.0317      28      0.0712
  100      6.4373      2.9346     14.7208      7.9808     109      0.0412
  101      5.8693      1.2307      1.3211     10.9958      30      0.0288
  102      5.8693      3.8813      1.3211     10.9709      27      0.0220
  103      5.9639      3.7866     24.1573     10.9844      25      0.0560
  104      5.8693      6.4373      1.2267     10.9811      61      0.0568
  105      5.7746      8.9932      1.3211     10.9914      58      0.0489
  106      5.8693      8.8986     23.9685     10.8145      56      0.0381
  107      6.8159      3.9760     20.9489      8.0182      73      0.0535
  108      7.2893      2.2720     17.1743      7.9870      75      0.0937
  109      6.8159      5.9639     15.5701      7.9875      79      0.1144
  110      6.9106      6.9106      9.1533      7.9964     106      0.0906
  111      6.7213      8.7092     16.1363      8.0168     102      0.1062
  112      7.2893      2.9346     12.0786      8.0033      70      0.1055
  113      7.0999      9.3719     21.8925      8.0120     112      0.0652
  114      7.7626      6.9106     18.8729      7.9864     117      0.0834
  115      7.1946      3.2186      5.3788      8.0068      83      0.0739
  116      7.0999      2.6506      3.3028     10.7970      19      0.0531
  117      7.0999      0.0000      2.9253     11.0553      22      0.0504
  118      7.0999      0.0000     26.1389     10.9865      20      0.0425
  119      7.1946      5.3013      3.2084     11.0086      53      0.0334
  120      7.0053      5.1120     25.8558     10.9607      51      0.0311
  121      7.1946      2.4613     26.0445     11.0028      17      0.0598
  122      7.6679      3.9760      8.8702      7.9845      78      0.0993
  123      7.0999      7.6679      3.0197     11.0733      50      0.0583
  124      7.0999      7.6679     25.8558     10.9798      49      0.0397
  125      7.7626     10.1292     18.0236      7.9991     118      0.1070
  126      8.3306      6.8159      6.0393      8.0678      66      0.0690
  127      8.2359      1.3253     24.2516     11.0466      24      0.0582
  128      8.2359      8.9932     24.2516     10.9470      60      0.0407
  129      8.4253      1.3253      1.5098     10.9780      26      0.0511
  130      8.3306      3.7866      1.4155     11.0039      31      0.0298
  131      8.3306      3.7866     24.2516     11.0215      29      0.0408
  132      8.4253      6.5319     24.2516     11.0913      55      0.0510
  133      8.4253      6.3426      1.2267     10.9625      57      0.0336
  134      8.5199      8.8986      1.4155     10.9950      62      0.0451
  -------------------------------------------------------------------------
